% dynamic data
Syn.con = [ ...
    1       24      138     60      2       0       0       0       0.45        0       0       0       0       0       0       0       0       5.6     15       0       0       20/192  20/192  0   0   0   0   1; 
    1       24      138     60      2       0       0       0       0.45        0       0       0       0       0       0       0       0       5.6     15       0       0       20/192  20/192  0   0   0   0   1; 
    1       89      138     60      2       0       0       0       0.43        0       0       0       0       0       0       0       0       6.0     15       0       0       76/192  76/192  0   0   0   0   1; 
    1       89      138     60      2       0       0       0       0.43        0       0       0       0       0       0       0       0       6.0     15       0       0       76/192  76/192  0   0   0   0   1; 
    2       24      138     60      2       0       0       0       0.45        0       0       0       0       0       0       0       0       5.6     15       0       0       20/192  20/192  0   0   0   0   1; 
    2       24      138     60      2       0       0       0       0.45        0       0       0       0       0       0       0       0       5.6     15       0       0       20/192  20/192  0   0   0   0   1; 
    2       89      138     60      2       0       0       0       0.43        0       0       0       0       0       0       0       0       6.0     15       0       0       76/192  76/192  0   0   0   0   1; 
    2       89      138     60      2       0       0       0       0.43        0       0       0       0       0       0       0       0       6.0     15       0       0       76/192  76/192  0   0   0   0   1; 
    7       118     138     60      2       0       0       0       0.45        0       0       0       0       0       0       0       0       5.6     15       0       0       1/3     1/3     0   0   0   0   1; 
    7       118     138     60      2       0       0       0       0.45        0       0       0       0       0       0       0       0       5.6     15       0       0       1/3     1/3     0   0   0   0   1; 
    7       118     138     60      2       0       0       0       0.45        0       0       0       0       0       0       0       0       5.6     15       0       0       1/3     1/3     0   0   0   0   1; 
    13      232     230     60      2       0       0       0       0.45        0       0       0       0       0       0       0       0       5.6     15       0       0       197/591 197/591 0   0   0   0   1; 
    13      232     230     60      2       0       0       0       0.45        0       0       0       0       0       0       0       0       5.6     15       0       0       197/591 197/591 0   0   0   0   1; 
    13      232     230     60      2       0       0       0       0.45        0       0       0       0       0       0       0       0       5.6     15       0       0       197/591 197/591 0   0   0   0   1; 
    14      232     230     60      2       0       0       0       0.45        0       0       0       0       0       0       0       0       5.6     15       0       0       1       1       0   0   0   0   1;
    15      14      230     60      2       0       0       0       0.45        0       0       0       0       0       0       0       0       5.6     15       0       0       12/215  12/215  0   0   0   0   1; 
    15      14      230     60      2       0       0       0       0.45        0       0       0       0       0       0       0       0       5.6     15       0       0       12/215  12/215  0   0   0   0   1; 
    15      14      230     60      2       0       0       0       0.45        0       0       0       0       0       0       0       0       5.6     15       0       0       12/215  12/215  0   0   0   0   1; 
    15      14      230     60      2       0       0       0       0.45        0       0       0       0       0       0       0       0       5.6     15       0       0       12/215  12/215  0   0   0   0   1; 
    15      14      230     60      2       0       0       0       0.45        0       0       0       0       0       0       0       0       5.6     15       0       0       12/215  12/215  0   0   0   0   1; 
    15      182     230     60      2       0       0       0       0.43        0       0       0       0       0       0       0       0       6.0     15       0       0       155/215 155/215 0   0   0   0   1; 
    16      182     230     60      2       0       0       0       0.43        0       0       0       0       0       0       0       0       6.0     15       0       0       1       1       0   0   0   0   1; 
    18      471     230     60      2       0       0       0       0.45        0       0       0       0       0       0       0       0       10.0    15       0       0       1       1       0   0   0   0   1; 
    21      471     230     60      2       0       0       0       0.45        0       0       0       0       0       0       0       0       10.0    15       0       0       1       1       0   0   0   0   1; 
    22      53      230     60      2       0       0       0       0.38        0       0       0       0       0       0       0       0       7.0     15       0       0       1/6     1/6     0   0   0   0   1; 
    22      53      230     60      2       0       0       0       0.38        0       0       0       0       0       0       0       0       7.0     15       0       0       1/6     1/6     0   0   0   0   1; 
    22      53      230     60      2       0       0       0       0.38        0       0       0       0       0       0       0       0       7.0     15       0       0       1/6     1/6     0   0   0   0   1; 
    22      53      230     60      2       0       0       0       0.38        0       0       0       0       0       0       0       0       7.0     15       0       0       1/6     1/6     0   0   0   0   1; 
    22      53      230     60      2       0       0       0       0.38        0       0       0       0       0       0       0       0       7.0     15       0       0       1/6     1/6     0   0   0   0   1; 
    22      53      230     60      2       0       0       0       0.38        0       0       0       0       0       0       0       0       7.0     15       0       0       1/6     1/6     0   0   0   0   1; 
    23      182     230     60      2       0       0       0       0.43        0       0       0       0       0       0       0       0       6.0     15       0       0       155/660 155/660 0   0   0   0   1; 
    23      182     230     60      2       0       0       0       0.43        0       0       0       0       0       0       0       0       6.0     15       0       0       155/660 155/660 0   0   0   0   1; 
    23      412     230     60      2       0       0       0       0.43        0       0       0       0       0       0       0       0       6.0     15       0       0       350/660 350/660 0   0   0   0   1;
    ];   