% 01/10/12 File data originated from Matpower data file
% 

Bus.con = [ ...
      1        1     1.04        0    1    1;
      2        1     1.01 -0.02059    1    1;
      3        1    0.985  -0.1042    1    1;
      4        1    0.981  -0.1278    1    1;
      5        1    0.976  -0.1487    1    1;
      6        1     0.98   -0.151    1    1;
      7        1    0.984  -0.1323    1    1;
      8        1    1.005 -0.07767    1    1;
      9        1     0.98  -0.1669    1    1;
     10        1    0.986  -0.1995    1    1;
     11        1    0.974  -0.1775    1    1;
     12        1    1.015  -0.1826    1    1;
     13        1    0.979  -0.1709    1    1;
     14        1     0.97  -0.1628    1    1;
     15        1    0.988  -0.1253    1    1;
     16        1    1.013  -0.1545    1    1;
     17        1    1.017 -0.09407    1    1;
     18        1    1.001  -0.2044    1    1;
     19        1     0.97  -0.2304    1    1;
     20        1    0.964   -0.234    1    1;
     21        1    1.008   -0.225    1    1;
     22        1     1.01  -0.2241    1    1;
     23        1    1.008  -0.2253    1    1;
     24        1    0.999  -0.2313    1    1;
     25        1    0.982  -0.3164    1    1;
     26        1    0.959   -0.226    1    1;
     27        1    0.982  -0.2004    1    1;
     28        1    0.997  -0.1824    1    1;
     29        1     1.01  -0.1702    1    1;
     30        1    0.962   -0.326    1    1;
     31        1    0.936  -0.3375    1    1;
     32        1    0.949  -0.3222    1    1;
     33        1    0.947  -0.3229    1    1;
     34        1    0.959  -0.2461    1    1;
     35        1    0.966  -0.2419    1    1;
     36        1    0.976  -0.2372    1    1;
     37        1    0.985   -0.234    1    1;
     38        1    1.013  -0.2218    1    1;
     39        1    0.983  -0.2349    1    1;
     40        1    0.973  -0.2377    1    1;
     41        1    0.996  -0.2452    1    1;
     42        1    0.966  -0.2705    1    1;
     43        1     1.01  -0.1977    1    1;
     44        1    1.017   -0.207    1    1;
     45        1    1.036  -0.1614    1    1;
     46        1     1.05  -0.2075    1    1;
     47        1    1.033   -0.218    1    1;
     48        1    1.027  -0.2197    1    1;
     49        1    1.036  -0.2255    1    1;
     50        1    1.023  -0.2337    1    1;
     51        1    1.052  -0.2185    1    1;
     52        1     0.98  -0.2002    1    1;
     53        1    0.971  -0.2135    1    1;
     54        1    0.996   -0.204    1    1;
     55        1    1.031  -0.1881    1    1;
     56        1    0.968    -0.28    1    1;
     57        1    0.965   -0.289    1    1;
   ];

SW.con = [ ...
      1      100        1     1.04        0        2     -1.4     1.06     0.94    1.289 1 1  1;
   ];

PV.con = [ ...
   2      100        1        0     1.01      0.5    -0.17     1.06     0.94 1  1;
   3      100        1      0.4    0.985      0.6     -0.1     1.06     0.94 1  1;
   6      100        1        0     0.98     0.25    -0.08     1.06     0.94 1  1;
   8      100        1      4.5    1.005        2     -1.4     1.06     0.94 1  1;
   9      100        1        0     0.98     0.09    -0.03     1.06     0.94 1  1;
  12      100        1      3.1    1.015     1.55     -1.5     1.06     0.94 1  1;
   ];

PQ.con = [ ...
   1 100        1     0.55     0.17     1.06     0.94 0 1;
   2 100        1     0.03     0.88     1.06     0.94 0 1;
   3 100        1     0.41     0.21     1.06     0.94 0 1;
   5 100        1     0.13     0.04     1.06     0.94 0 1;
   6 100        1     0.75     0.02     1.06     0.94 0 1;
   8 100        1      1.5     0.22     1.06     0.94 0 1;
   9 100        1     1.21     0.26     1.06     0.94 0 1;
  10 100        1     0.05     0.02     1.06     0.94 0 1;
  12 100        1     3.77     0.24     1.06     0.94 0 1;
  13 100        1     0.18    0.023     1.06     0.94 0 1;
  14 100        1    0.105    0.053     1.06     0.94 0 1;
  15 100        1     0.22     0.05     1.06     0.94 0 1;
  16 100        1     0.43     0.03     1.06     0.94 0 1;
  17 100        1     0.42     0.08     1.06     0.94 0 1;
  18 100        1    0.272    0.098     1.06     0.94 0 1;
  19 100        1    0.033    0.006     1.06     0.94 0 1;
  20 100        1    0.023     0.01     1.06     0.94 0 1;
  23 100        1    0.063    0.021     1.06     0.94 0 1;
  25 100        1    0.063    0.032     1.06     0.94 0 1;
  27 100        1    0.093    0.005     1.06     0.94 0 1;
  28 100        1    0.046    0.023     1.06     0.94 0 1;
  29 100        1     0.17    0.026     1.06     0.94 0 1;
  30 100        1    0.036    0.018     1.06     0.94 0 1;
  31 100        1    0.058    0.029     1.06     0.94 0 1;
  32 100        1    0.016    0.008     1.06     0.94 0 1;
  33 100        1    0.038    0.019     1.06     0.94 0 1;
  35 100        1     0.06     0.03     1.06     0.94 0 1;
  38 100        1     0.14     0.07     1.06     0.94 0 1;
  41 100        1    0.063     0.03     1.06     0.94 0 1;
  42 100        1    0.071    0.044     1.06     0.94 0 1;
  43 100        1     0.02     0.01     1.06     0.94 0 1;
  44 100        1     0.12    0.018     1.06     0.94 0 1;
  47 100        1    0.297    0.116     1.06     0.94 0 1;
  49 100        1     0.18    0.085     1.06     0.94 0 1;
  50 100        1     0.21    0.105     1.06     0.94 0 1;
  51 100        1     0.18    0.053     1.06     0.94 0 1;
  52 100        1    0.049    0.022     1.06     0.94 0 1;
  53 100        1      0.2      0.1     1.06     0.94 0 1;
  54 100        1    0.041    0.014     1.06     0.94 0 1;
  55 100        1    0.068    0.034     1.06     0.94 0 1;
  56 100        1    0.076    0.022     1.06     0.94 0 1;
  57 100        1    0.067     0.02     1.06     0.94 0 1;
   4 100        1        0        0     1.06     0.94 0 1;
   7 100        1        0        0     1.06     0.94 0 1;
  11 100        1        0        0     1.06     0.94 0 1;
  21 100        1        0        0     1.06     0.94 0 1;
  22 100        1        0        0     1.06     0.94 0 1;
  24 100        1        0        0     1.06     0.94 0 1;
  26 100        1        0        0     1.06     0.94 0 1;
  34 100        1        0        0     1.06     0.94 0 1;
  36 100        1        0        0     1.06     0.94 0 1;
  37 100        1        0        0     1.06     0.94 0 1;
  39 100        1        0        0     1.06     0.94 0 1;
  40 100        1        0        0     1.06     0.94 0 1;
  45 100        1        0        0     1.06     0.94 0 1;
  46 100        1        0        0     1.06     0.94 0 1;
  48 100        1        0        0     1.06     0.94 0 1;
   ];

Shunt.con = [ ...
  18 100        1 60        0      0.1 1;
  25 100        1 60        0    0.059 1;
  53 100        1 60        0    0.063 1;
   ];

