% 01/10/12 File data originated from Matpower data file
% 

Bus.con = [ ...
      1      138    0.955   0.1862    1    1;
      2      138    0.971   0.1958    1    1;
      3      138    0.968   0.2018    1    1;
      4      138    0.998   0.2667    1    1;
      5      138    1.002   0.2745    1    1;
      6      138     0.99   0.2269    1    1;
      7      138    0.989   0.2192    1    1;
      8      345    1.015   0.3625    1    1;
      9      345    1.043    0.489    1    1;
     10      345     1.05   0.6215    1    1;
     11      138    0.985    0.222    1    1;
     12      138     0.99   0.2129    1    1;
     13      138    0.968   0.1981    1    1;
     14      138    0.984   0.2007    1    1;
     15      138     0.97    0.196    1    1;
     16      138    0.984   0.2079    1    1;
     17      138    0.995   0.2398    1    1;
     18      138    0.973   0.2012    1    1;
     19      138    0.963   0.1929    1    1;
     20      138    0.958   0.2082    1    1;
     21      138    0.959    0.236    1    1;
     22      138     0.97   0.2806    1    1;
     23      138        1   0.3665    1    1;
     24      138    0.992   0.3646    1    1;
     25      138     1.05   0.4875    1    1;
     26      345    1.015   0.5185    1    1;
     27      138    0.968   0.2679    1    1;
     28      138    0.962   0.2377    1    1;
     29      138    0.963   0.2204    1    1;
     30      345    0.968   0.3279    1    1;
     31      138    0.967   0.2225    1    1;
     32      138    0.964   0.2583    1    1;
     33      138    0.972   0.1855    1    1;
     34      138    0.986   0.1972    1    1;
     35      138    0.981   0.1897    1    1;
     36      138     0.98   0.1897    1    1;
     37      138    0.992   0.2054    1    1;
     38      345    0.962   0.2951    1    1;
     39      138     0.97   0.1468    1    1;
     40      138     0.97   0.1283    1    1;
     41      138    0.967   0.1208    1    1;
     42      138    0.985   0.1489    1    1;
     43      138    0.978   0.1969    1    1;
     44      138    0.985   0.2412    1    1;
     45      138    0.987   0.2735    1    1;
     46      138    1.005   0.3227    1    1;
     47      138    1.017   0.3618    1    1;
     48      138    1.021   0.3478    1    1;
     49      138    1.025   0.3655    1    1;
     50      138    1.001   0.3299    1    1;
     51      138    0.967   0.2841    1    1;
     52      138    0.957   0.2674    1    1;
     53      138    0.946   0.2505    1    1;
     54      138    0.955   0.2663    1    1;
     55      138    0.952   0.2613    1    1;
     56      138    0.954   0.2646    1    1;
     57      138    0.971   0.2855    1    1;
     58      138    0.959   0.2707    1    1;
     59      138    0.985   0.3381    1    1;
     60      138    0.993    0.404    1    1;
     61      138    0.995   0.4196    1    1;
     62      138    0.998   0.4089    1    1;
     63      345    0.969   0.3971    1    1;
     64      345    0.984    0.428    1    1;
     65      345    1.005   0.4826    1    1;
     66      138     1.05   0.4796    1    1;
     67      138     1.02   0.4335    1    1;
     68      345    1.003   0.4808    1    1;
     69      138    1.035   0.5236    1    1;
     70      138    0.984   0.3941    1    1;
     71      138    0.987   0.3866    1    1;
     72      138     0.98   0.3662    1    1;
     73      138    0.991   0.3829    1    1;
     74      138    0.958   0.3777    1    1;
     75      138    0.967   0.3999    1    1;
     76      138    0.943     0.38    1    1;
     77      138    1.006   0.4664    1    1;
     78      138    1.003   0.4611    1    1;
     79      138    1.009   0.4664    1    1;
     80      138     1.04   0.5054    1    1;
     81      345    0.997   0.4904    1    1;
     82      138    0.989   0.4754    1    1;
     83      138    0.985    0.496    1    1;
     84      138     0.98   0.5402    1    1;
     85      138    0.985   0.5674    1    1;
     86      138    0.987   0.5435    1    1;
     87      161    1.015    0.548    1    1;
     88      138    0.987    0.622    1    1;
     89      138    1.005   0.6927    1    1;
     90      138    0.985    0.581    1    1;
     91      138     0.98   0.5814    1    1;
     92      138    0.993   0.5899    1    1;
     93      138    0.987   0.5374    1    1;
     94      138    0.991   0.4999    1    1;
     95      138    0.981   0.4829    1    1;
     96      138    0.993   0.4801    1    1;
     97      138    1.011   0.4866    1    1;
     98      138    1.024   0.4782    1    1;
     99      138     1.01   0.4719    1    1;
    100      138    1.017   0.4892    1    1;
    101      138    0.993   0.5168    1    1;
    102      138    0.991   0.5637    1    1;
    103      138    1.001   0.4266    1    1;
    104      138    0.971   0.3786    1    1;
    105      138    0.965    0.359    1    1;
    106      138    0.962   0.3547    1    1;
    107      138    0.952    0.306    1    1;
    108      138    0.967   0.3382    1    1;
    109      138    0.967   0.3304    1    1;
    110      138    0.973   0.3157    1    1;
    111      138     0.98   0.3445    1    1;
    112      138    0.975   0.2616    1    1;
    113      138    0.993   0.2398    1    1;
    114      138     0.96   0.2524    1    1;
    115      138     0.96   0.2524    1    1;
    116      138    1.005   0.4733    1    1;
    117      138    0.974   0.1862    1    1;
    118      138    0.949   0.3826    1    1;
   ];

SW.con = [ ...
     69      100      138    1.035   0.5236        3       -3     1.06     0.94    5.164 1 1  1;
   ];

