% 02/07/11 File data originated from Matpower data file
%

Bus.con = [ ...
    1      138        1        0    1    1;
    2      138        1        0    1    1;
    3      138        1        0    1    1;
    4      138        1        0    1    1;
    5      138        1        0    1    1;
    6      138        1        0    2    1;
    7      138        1        0    2    1;
    8      138        1        0    2    1;
    9      138        1        0    1    1;
    10      138        1        0    2    1;
    11      230        1        0    3    1;
    12      230        1        0    3    1;
    13      230        1        0    3    1;
    14      230        1        0    3    1;
    15      230        1        0    4    1;
    16      230        1        0    4    1;
    17      230        1        0    4    1;
    18      230        1        0    4    1;
    19      230        1        0    3    1;
    20      230        1        0    3    1;
    21      230        1        0    4    1;
    22      230        1        0    4    1;
    23      230        1        0    3    1;
    24      230        1        0    4    1;
    ];

SW.con = [ ...
    13      100      230     1.02        0      0.8        0     1.05     0.95    0.951 1 1  1;
    13      100      230     1.02        0      0.8        0     1.05     0.95    0.951 1 0  1;
    13      100      230     1.02        0      0.8        0     1.05     0.95    0.951 1 0  1;
    ];

PV.con = [ ...
    1      100      138      0.1    1.035      0.1        0     1.05     0.95 1  1;
    1      100      138      0.1    1.035      0.1        0     1.05     0.95 1  1;
    1      100      138     0.76    1.035      0.3    -0.25     1.05     0.95 1  1;
    1      100      138     0.76    1.035      0.3    -0.25     1.05     0.95 1  1;
    2      100      138      0.1    1.035      0.1        0     1.05     0.95 1  1;
    2      100      138      0.1    1.035      0.1        0     1.05     0.95 1  1;
    2      100      138     0.76    1.035      0.3    -0.25     1.05     0.95 1  1;
    2      100      138     0.76    1.035      0.3    -0.25     1.05     0.95 1  1;
    7      100      138      0.8    1.025      0.6        0     1.05     0.95 1  1;
    7      100      138      0.8    1.025      0.6        0     1.05     0.95 1  1;
    7      100      138      0.8    1.025      0.6        0     1.05     0.95 1  1;
    14      100      230        0     0.98        2     -0.5     1.05     0.95 1  1;
    15      100      230     0.12    1.014     0.06        0     1.05     0.95 1  1;
    15      100      230     0.12    1.014     0.06        0     1.05     0.95 1  1;
    15      100      230     0.12    1.014     0.06        0     1.05     0.95 1  1;
    15      100      230     0.12    1.014     0.06        0     1.05     0.95 1  1;
    15      100      230     0.12    1.014     0.06        0     1.05     0.95 1  1;
    15      100      230     1.55    1.014      0.8     -0.5     1.05     0.95 1  1;
    16      100      230     1.55    1.017      0.8     -0.5     1.05     0.95 1  1;
    18      100      230        4     1.05        2     -0.5     1.05     0.95 1  1;
    21      100      230        4     1.05        2     -0.5     1.05     0.95 1  1;
    22      100      230      0.5     1.05     0.16     -0.1     1.05     0.95 1  1;
    22      100      230      0.5     1.05     0.16     -0.1     1.05     0.95 1  1;
    22      100      230      0.5     1.05     0.16     -0.1     1.05     0.95 1  1;
    22      100      230      0.5     1.05     0.16     -0.1     1.05     0.95 1  1;
    22      100      230      0.5     1.05     0.16     -0.1     1.05     0.95 1  1;
    22      100      230      0.5     1.05     0.16     -0.1     1.05     0.95 1  1;
    23      100      230     1.55     1.05      0.8     -0.5     1.05     0.95 1  1;
    23      100      230     1.55     1.05      0.8     -0.5     1.05     0.95 1  1;
    23      100      230      3.5     1.05      1.5    -0.25     1.05     0.95 1  1;
    ];

PQ.con = [ ...
    1 100      138     1.08     0.22     1.05     0.95 0 1;
    2 100      138     0.97      0.2     1.05     0.95 0 1;
    3 100      138      1.8     0.37     1.05     0.95 0 1;
    4 100      138     0.74     0.15     1.05     0.95 0 1;
    5 100      138     0.71     0.14     1.05     0.95 0 1;
    6 100      138     1.36     0.28     1.05     0.95 0 1;
    7 100      138     1.25     0.25     1.05     0.95 0 1;
    8 100      138     1.71     0.35     1.05     0.95 0 1;
    9 100      138     1.75     0.36     1.05     0.95 0 1;
    10 100      138     1.95      0.4     1.05     0.95 0 1;
    13 100      230     2.65     0.54     1.05     0.95 0 1;
    14 100      230     1.94     0.39     1.05     0.95 0 1;
    15 100      230     3.17     0.64     1.05     0.95 0 1;
    16 100      230        1      0.2     1.05     0.95 0 1;
    18 100      230     3.33     0.68     1.05     0.95 0 1;
    19 100      230     1.81     0.37     1.05     0.95 0 1;
    20 100      230     1.28     0.26     1.05     0.95 0 1;
    11 100      230        0        0     1.05     0.95 0 1;
    12 100      230        0        0     1.05     0.95 0 1;
    17 100      230        0        0     1.05     0.95 0 1;
    24 100      230        0        0     1.05     0.95 0 1;
    ];

Shunt.con = [ ...
    6 100      138 60        0       -1 1;
    ];

