% 01/10/12 File data originated from Matpower data file
% 

Bus.con = [ ...
      1      115    1.028   0.1038    1    1;
      2      115    1.035   0.1351    1    1;
      3      230   0.9971   0.1159    1    1;
      4      345    1.031  0.08221    1    1;
      5      115    1.019  0.08168    1    1;
      6      115    1.031    0.122    1    1;
      7      230   0.9934    0.108    1    1;
      8      115    1.015  0.04189    1    1;
      9      115    1.003  0.04974    1    1;
     10      230     1.02  0.02356    1    1;
     11      115    1.006  0.04294    1    1;
     12      230   0.9974  0.09093    1    1;
     13      115   0.9977 -0.009599    1    1;
     14      115   0.9991 -0.08395    1    1;
     15      115    1.034  -0.1499    1    1;
     16      345    1.032 -0.04625    1    1;
     17      115    1.065  -0.2286    1    1;
     19      230    0.982  0.01885    1    1;
     20      115    1.001 -0.04294    1    1;
     21      230   0.9752  0.02827    1    1;
     22      115   0.9963 -0.03438    1    1;
     23      115     1.05  0.06877    1    1;
     24      230    1.006   0.1051    1    1;
     25      115    1.023  0.02513    1    1;
     26      115   0.9986 -0.03019    1    1;
     27      115    0.975 -0.08552    1    1;
     33      115    1.024  -0.2098    1    1;
     34      345    1.041  -0.1386    1    1;
     35      115   0.9757  -0.4489    1    1;
     36      230    1.001  -0.3943    1    1;
     37      115     1.02   -0.196    1    1;
     38      115     1.02  -0.2192    1    1;
     39      345    1.054  -0.1014    1    1;
     40      115    1.022  -0.2231    1    1;
     41      115    1.029  -0.1824    1    1;
     42      345    1.045  -0.1299    1    1;
     43      115    1.001   -0.293    1    1;
     44      115    1.009  -0.3049    1    1;
     45      230    1.022  -0.2573    1    1;
     46      345    1.034  -0.2051    1    1;
     47      115   0.9777  -0.4044    1    1;
     48      115    1.002  -0.2808    1    1;
     49      115    1.048 -0.05149    1    1;
     51      115    1.025  -0.1422    1    1;
     52      115   0.9979   -0.207    1    1;
     53      115   0.9959  -0.3072    1    1;
     54      115    1.005  -0.2836    1    1;
     55      115    1.015  -0.2131    1    1;
     57      115    1.034  -0.1396    1    1;
     58      115   0.9918  -0.1045    1    1;
     59      115   0.9789 -0.09233    1    1;
     60      230    1.025  -0.1669    1    1;
     61      115   0.9906 -0.06056    1    1;
     62      230    1.016  -0.0192    1    1;
     63      115   0.9583  -0.3075    1    1;
     64      230    0.948  -0.2264    1    1;
     69      115    0.963  -0.4479    1    1;
     70      115   0.9513  -0.6137    1    1;
     71      115   0.9793  -0.5215    1    1;
     72      115   0.9696  -0.4796    1    1;
     73      115   0.9775  -0.4498    1    1;
     74      230   0.9964   -0.384    1    1;
     76      115   0.9632  -0.4632    1    1;
     77      115   0.9837  -0.4353    1    1;
     78      115     0.99  -0.4198    1    1;
     79      115    0.982  -0.4358    1    1;
     80      115   0.9872  -0.4358    1    1;
     81      345    1.034  -0.3297    1    1;
     84      115    1.025  -0.2995    1    1;
     85      230   0.9872  -0.3086    1    1;
     86      230   0.9909  -0.2477    1    1;
     87      230   0.9921  -0.1356    1    1;
     88      230    1.015  -0.3658    1    1;
     89      115    1.032  -0.1943    1    1;
     90      115    1.027   -0.196    1    1;
     91      115    1.052  -0.1641    1    1;
     92      115    1.052  -0.1082    1    1;
     94      115    0.993  -0.1644    1    1;
     97      115    1.018  -0.2311    1    1;
     98      115        1  -0.2548    1    1;
     99      115   0.9894  -0.3538    1    1;
    100      115    1.006  -0.2522    1    1;
    102      115    1.001  -0.2658    1    1;
    103      115    1.029  -0.2105    1    1;
    104      115   0.9958  -0.3025    1    1;
    105      115    1.022  -0.2258    1    1;
    107      115     1.01  -0.2798    1    1;
    108      115     0.99  -0.3536    1    1;
    109      115   0.9749  -0.4548    1    1;
    110      115    0.973  -0.4314    1    1;
    112      115   0.9725  -0.5007    1    1;
    113      115     0.97   -0.443    1    1;
    114      115   0.9747   -0.499    1    1;
    115      115   0.9603  -0.2368    1    2;
    116      115    1.025  -0.2215    1    2;
    117      115   0.9348 -0.08238    1    2;
    118      115   0.9298 -0.07191    1    2;
    119      115    1.044  0.09023    1    2;
    120      115   0.9584  -0.1531    1    2;
    121      115   0.9871  -0.2206    1    2;
    122      115   0.9728  -0.2506    1    2;
    123      115    1.001  -0.3079    1    2;
    124      115    1.023  -0.2354    1    2;
    125      115     1.01  -0.3217    1    2;
    126      115   0.9978  -0.2244    1    2;
    127      230        1  -0.1836    1    2;
    128      230    1.002 -0.08343    1    2;
    129      230    1.003 -0.07679    1    2;
    130      230    1.019  0.09704    1    2;
    131      230   0.9861   0.1058    1    2;
    132      230    1.004  0.05306    1    2;
    133      230    1.002 -0.09529    1    2;
    134      230    1.022  -0.1403    1    2;
    135      230    1.019   -0.118    1    2;
    136      230    1.048  0.02688    1    2;
    137      230    1.047 -0.02531    1    2;
    138      230    1.055  -0.1108    1    2;
    139      115    1.012 -0.06231    1    2;
    140      230    1.043 -0.06004    1    2;
    141      230    1.051 0.0008727    1    2;
    142      230    1.016 -0.04835    1    2;
    143      230    1.044  0.07034    1    2;
    144      230    1.016 -0.01222    1    2;
    145      230    1.008 -0.002793    1    2;
    146      230    1.053   0.0754    1    2;
    147      230    1.053   0.1459    1    2;
    148      230    1.058 0.004887    1    2;
    149      230    1.073  0.09128    1    2;
    150      230   0.9869   0.1107    1    2;
    151      230    1.005  0.07208    1    2;
    152      230    1.054   0.1613    1    2;
    153      230    1.044   0.1826    1    2;
    154      115   0.9663 -0.03142    1    2;
    155      230    1.018   0.1178    1    2;
    156      115    0.963  0.08988    1    2;
    157      230   0.9845  -0.2082    1    2;
    158      230   0.9987   -0.199    1    2;
    159      230   0.9867  -0.1714    1    2;
    160      230   0.9998   -0.219    1    2;
    161      230    1.036   0.1545    1    2;
    162      230   0.9918   0.3229    1    2;
    163      230    1.041  0.05079    1    2;
    164      230   0.9839   0.1686    1    2;
    165      230        1   0.4592    1    2;
    166      230   0.9973   0.5274    1    2;
    167      230   0.9715  -0.1206    1    2;
    168      230    1.002 -0.08378    1    2;
    169      230   0.9879  -0.1166    1    2;
    170      115    0.929 0.001571    1    2;
    171      115   0.9829  -0.1735    1    2;
    172      115    1.024  -0.1086    1    2;
    173      115   0.9837  -0.2225    1    2;
    174      115    1.062 -0.04695    1    2;
    175      115    0.973  -0.1258    1    2;
    176      115    1.052  0.08151    1    2;
    177      115    1.008  0.01082    1    2;
    178      115   0.9397  -0.1145    1    2;
    179      115   0.9699  -0.1635    1    2;
    180      115   0.9793 -0.05393    1    2;
    181      230    1.052 -0.02321    1    2;
    182      230    1.045 -0.07313    1    2;
    183      115   0.9717   0.1243    1    2;
    184      230    1.039  -0.1196    1    2;
    185      230    1.052 -0.07557    1    2;
    186      230    1.065  0.03787    1    2;
    187      230    1.065  0.02443    1    2;
    188      230    1.053 -0.01257    1    2;
    189       66   0.9975   -0.451    1    3;
    190      345    1.055  -0.3599    1    3;
    191      230    1.044   0.2138    1    3;
    192      230   0.9374  -0.1951    1    3;
    193       66   0.9897  -0.4554    1    3;
