% Syn.con = [ ... 
%   1  615  1  60  2  0.2396  0  0.8979  0.6  0.23  7.4  0.03  0.646  0.646  0.4  0  0.033  10.296  2  0  0  1  1  0  0  0;
%   3  60  1  60  2  0  0.0031  1.05  0.185  0.13  6.1  0.04  0.98  0.36  0.13  0.3  0.099  13.08  2  0  0  1  1  0  0  0;
%   2  615  1  60  2  0.2396  0  0.8979  0.6  0.23  7.4  0.03  0.646  0.646  0.4  0  0.033  10.296  2  0  0  1  1  0  0  0;
%   8  25  1  60  2  0.134  0.0014  1.25  0.232  0.12  4.75  0.06  1.22  0.715  0.12  1.5  0.21  10.12  2  0  0  1  1  0  0  0;
%   6  25  1  60  2  0.134  0.0014  1.25  0.232  0.12  4.75  0.06  1.22  0.715  0.12  1.5  0.21  10.12  2  0  0  1  1  0  0  0;
%  ];

% dynamic data
Syn.con = [ ...
    1      412     1     60      2       0       0       0       0.43        0       0       0       0       0       0       0       0       6.0     15       0       0       1     1   0   0   0   0   1;  
    2      232     1     60      2       0       0       0       0.45        0       0       0       0       0       0       0       0       5.6     15       0       0       1     1   0   0   0   0   1; 
    3      232     1     60      2       0       0       0       0.45        0       0       0       0       0       0       0       0       5.6     15       0       0       1     1   0   0   0   0   1;
    6      232     1     60      2       0       0       0       0.45        0       0       0       0       0       0       0       0       5.6     15       0       0       1     1   0   0   0   0   1;
    8      232     1     60      2       0       0       0       0.45        0       0       0       0       0       0       0       0       5.6     15       0       0       1     1   0   0   0   0   1;
    ];   